205,3
205,2
205,1
205,0
204,5
204,4
204,3
204,2
204,1
204,0
203,8
203,7
203,6
203,5
203,4
203,3
203,2
148,7
148,6
148,5
148,4
147,16
147,15
147,14
147,13
147,12
147,11
147,10
147,9
147,8
147,7
147,6
147,5
147,4
67,41
67,40
67,39
67,38
67,37
67,36
67,35
67,34
67,33
67,32
67,31
67,30
67,29
67,28
67,27
67,26
67,25
67,24
67,23
67,22
67,21
67,20
67,19
67,18
67,17
67,16
67,15
67,14
67,13
67,12
67,11
67,10
67,9
67,8
67,7
67,6
67,5
67,4
61,12
61,11
61,10
61,9
61,8
61,7
61,6
61,5
61,4
8,25
8,24
8,23
8,22
8,21
8,20
8,19
8,18
8,17
8,16
8,15
8,14
8,13
8,12
8,11
8,10
8,9
8,8
8,7
8,6
8,5
8,4
7,24
7,23
7,22
7,21
7,20
7,19
7,18
7,17
7,16
7,15
7,14
7,13
7,12
7,11
7,10
7,9
7,8
7,7
7,6
7,5
7,4
6,25
6,24
6,23
6,22
6,21
6,20
6,19
6,18
6,17
6,16
6,15
6,14
6,13
6,12
6,11
6,10
6,9
6,8
6,7
6,6
6,5
6,4
5,9
5,8
5,7
5,6
5,5
5,4
2,128
2,121
2,120
2,119
2,118
2,117
2,116
2,115
2,114
2,113
2,112
2,111
2,110
2,109
2,108
2,107
2,106
2,105
2,104
2,103
2,102
2,101
2,100
2,99
2,98
2,97
2,96
2,94
2,93
2,92
2,91
2,90
2,89
2,88
2,87
2,86
2,85
2,84
2,83
2,82
2,81
2,80
2,79
2,78
2,77
2,76
2,95
2,75
2,74
2,3
1,9
1,8
1,7
1,6
1,5
1,4
1,3
4,3
0,472
0,470
0,459
0,452
0,9
0,1
206,0
206,1
206,3
206,4
207,0
207,1
207,3
207,5
207,6
208,1
208,2
208,4
208,6
209,0
209,2
209,3
209,5
210,0
210,2
210,4
210,5
211,1
211,2
211,4
211,6
212,0
212,2
212,3
212,5
213,0
213,2
213,4
213,5
214,1
214,2
214,4
214,6
215,0
215,2
215,3
215,5
216,0
216,2
216,4
216,5
217,0
217,1
217,3
217,5
218,0
218,2
218,3
218,5
219,0
219,1
219,3
219,4
220,0
220,1
220,3
220,5
220,6
221,1
221,2
221,4
222,0
222,1
222,3
222,4
223,0
223,1
223,3
223,5
223,6
223,8
223,9
224,1
224,3
224,4
225,1
225,2
225,4
225,5
226,1
226,3
226,4
227,0
227,1
227,3
227,5
228,0
228,2
228,3
229,0
229,2
229,3
229,5
229,6
229,8
230,0
230,2
230,4
231,0
231,2
231,3
232,0
232,2
232,3
232,5
232,6
233,0
233,1
233,3
234,0
234,1
234,3
234,4
234,6
235,1
235,2
235,4
235,5
236,0
236,1
236,3
236,5
236,6
237,1
237,2
237,4
237,6
237,7
238,1
238,2
238,4
238,5
239,0
239,2
239,3
239,5
239,6
240,0
240,2
240,3
241,1
241,2
241,4
242,1
242,2
242,4
243,0
243,2
243,3
244,0
244,2
244,3
244,5
245,0
245,2
245,4
245,5
246,1
246,2
246,4
247,0
247,2
247,4
248,0
248,2
248,3
248,5
249,1
249,2
249,4
249,5
250,0
250,1
250,3
251,1
251,2
251,4
252,0
252,2
252,4
253,0
253,2
253,3
254,1
254,3
254,4
254,6
255,0
255,2
255,3
256,1
256,3
257,0
257,2
257,3
258,0
258,2
258,3
259,1
259,2
259,4
259,5
260,1
260,3
260,4
261,1
261,2
261,4
262,1
262,2
262,4
263,0
263,2
263,3
263,5
264,0
264,1
264,3
264,4
265,1
265,3
265,4
266,1
266,2
266,4
267,0
267,2
267,4
268,0
268,2
268,3
269,0
269,2
269,3
270,0
270,1
270,3
271,0
271,1
271,3
271,4
272,1
272,2
272,4
273,1
273,2
273,4
274,0
274,2
274,4
275,0
275,2
275,3
276,0
276,1
276,3
277,0
277,1
277,3
277,4
278,0
278,2
278,3
279,0
279,1
279,3
279,4
280,0
280,2
280,3
281,0
281,1
281,3
282,0
282,1
282,3
282,4
283,1
283,3
283,4
284,1
284,2
284,4
284,5
285,1
285,3
285,4
285,6
285,7
286,0
286,2
286,3
286,5
286,6
287,0
287,1
287,3
287,5
287,6
288,0
288,1
288,3
288,5
289,0
289,2
289,3
289,5
289,6
290,1
290,3
290,4
290,6
291,0
291,2
292,0
292,1
292,3
292,4
292,6
292,8
293,0
293,2
293,3
293,5
293,6
294,0
294,2
294,3
295,0
295,1
295,3
296,0
296,1
296,3
296,4
297,1
297,2
297,4
297,6
297,7
298,1
298,2
298,4
298,6
298,7
299,1
299,2
299,4
299,5
299,7
300,0
300,1
300,3
300,4
301,1
301,3
301,4
302,1
302,2
302,4
302,5
303,0
303,2
303,3
304,0
304,1
304,3
304,5
305,0
305,2
305,3
305,5
306,1
306,2
306,4
306,5
307,1
307,2
307,4
308,1
308,2
308,4
309,0
309,2
309,4
309,5
310,1
310,2
310,4
310,5
311,0
311,2
311,3
311,5
312,0
312,2
312,4
312,5
313,0
313,1
313,3
313,4
313,6
314,1
314,2
314,4
314,5
315,1
315,3
315,4
316,1
316,2
316,4
317,1
317,2
317,4
317,5
317,7
318,0
318,2
318,4
318,5
318,7
318,8
319,0
319,2
319,3
319,5
319,6
320,1
320,2
320,4
320,6
321,0
321,2
321,3
321,5
322,0
322,1
322,3
322,4
322,6
322,7
323,1
323,3
323,4
324,1
324,2
324,4
324,6
324,7
325,1
325,2
325,4
325,5
326,0
326,2
326,3
327,0
327,1
327,3
327,5
327,6
328,1
328,2
328,4
329,1
329,2
329,4
330,0
330,2
330,3
330,5
331,1
331,2
332,0
332,1
332,3
333,0
333,1
333,3
333,4
333,6
333,7
334,0
334,2
334,3
334,5
335,0
335,2
335,4
336,0
336,2
336,3
337,0
337,1
337,3
338,0
338,1
338,3
338,4
339,1
339,3
339,4
340,0
340,1
340,3
340,5
340,6
341,0
341,1
341,3
341,4
342,0
342,2
342,3
342,5
343,0
343,2
343,4
343,5
344,0
344,1
344,3
344,4
344,6
345,1
345,2
345,4
346,0
346,2
346,4
347,0
347,2
347,3
347,5
347,6
348,1
348,3
348,4
349,1
349,2
349,4
349,6
349,7
350,1
350,2
350,4
351,0
351,2
351,4
351,5
352,1
352,2
352,4
353,0
353,1
353,3
353,4
354,0
354,2
354,3
355,0
355,1
355,3
355,4
356,1
356,3
356,4
357,0
357,1
357,3
357,5
357,6
358,1
358,2
358,4
358,5
359,1
359,3
359,4
360,1
360,2
360,4
360,6
361,0
361,2
361,3
361,5
361,6
361,8
362,1
362,2
362,4
362,5
363,1
363,3
363,4
364,1
364,2
364,4
365,1
365,2
365,4
365,5
366,1
366,2
366,4
367,1
367,2
367,4
368,0
368,2
368,4
369,0
369,2
369,3
369,5
370,0
370,2
370,4
370,5
371,0
371,1
371,3
371,5
372,0
372,2
372,3
372,5
372,6
373,1
373,3
373,4
374,0
374,1
374,3
374,5
374,6
375,1
375,2
375,4
376,0
376,1
376,3
376,4
377,0
377,1
377,3
378,0
378,1
378,3
378,4
378,6
379,1
379,2
379,4
380,0
380,2
380,3
381,0
381,2
381,3
382,1
382,2
382,4
382,6
383,0
383,2
383,3
383,5
384,0
384,2
384,4
385,0
385,2
385,3
386,0
386,2
386,3
386,5
387,0
387,2
387,3
387,5
388,1
388,2
388,4
389,0
389,2
389,4
390,0
390,2
390,3
390,5
391,1
391,2
392,0
392,1
392,3
392,4
393,1
393,3
393,4
393,6
394,0
394,2
394,4
394,5
395,0
395,1
395,3
395,4
396,0
396,2
396,3
396,5
396,6
397,1
397,3
397,4
398,0
398,1
398,3
398,4
398,6
398,8
399,0
399,2
399,3
400,0
400,2
400,3
401,0
401,1
401,3
401,5
401,6
402,1
402,2
402,4
402,5
403,0
403,2
403,3
403,5
403,6
404,1
404,3
404,4
405,1
405,2
405,4
405,5
406,1
406,3
406,4
407,1
407,2
407,4
408,1
408,2
408,4
408,5
409,0
409,1
409,3
409,5
410,0
410,2
410,3
411,0
411,2
411,3
411,5
412,0
412,2
412,3
412,5
413,0
413,1
413,3
413,4
414,0
414,2
414,3
414,5
414,6
415,1
415,3
415,4
416,0
416,1
416,3
416,4
416,6
417,1
417,2
417,4
417,5
417,7
418,0
418,1
418,3
418,4
419,1
419,2
419,4
419,6
420,0
420,2
420,3
420,5
421,1
421,2
421,4
422,0
422,2
422,3
423,0
423,2
423,3
423,5
423,6
424,0
424,2
424,3
425,1
425,2
425,4
426,1
426,2
426,4
427,0
427,2
427,3
427,5
428,0
428,1
428,3
428,4
429,1
429,3
429,4
430,1
430,2
430,4
431,0
431,2
431,4
431,5
431,7
432,0
432,2
432,4
433,0
433,2
433,3
433,5
434,0
434,2
434,4
435,0
435,2
435,3
435,5
437,1
437,2
437,4
437,5
437,7
437,8
438,0
438,2
438,3
439,1
439,2
440,0
440,2
440,3
441,1
441,2
442,0
442,2
442,3
443,1
443,2
444,0
444,1
444,3
445,1
445,2
446,0
446,1
446,3
447,1
447,2
448,0
448,1
448,3
449,0
449,2
449,4
449,5
450,0
450,1
450,3
451,0
451,1
451,3
451,4
451,6
451,7
451,9
451,11
452,0
452,2
452,3
452,5
453,0
453,1
453,3
453,4
453,6
454,1
454,2
454,4
455,0
455,2
455,3
455,5
456,1
456,2
456,4
456,5
457,0
457,2
457,3
457,5
458,0
458,2
458,3
458,5
459,1
459,2
459,4
460,0
460,2
460,4
460,5
461,1
461,2
462,0
462,1
462,3
462,5
462,6
463,0
463,1
463,3
464,1
464,2
465,0
465,1
465,3
465,5
465,6
466,1
466,2
466,4
466,5
467,0
467,2
467,3
468,0
468,1
468,3
468,5
468,6
469,0
469,1
469,3
470,0
470,2
470,4
471,0
471,2
471,3
471,5
472,0
472,1
472,3
472,4
472,6
473,0
473,2
473,4
473,5
474,0
474,1
474,3
475,0
475,1
475,3
475,4
476,0
476,1
476,3
476,5
477,0
477,2
477,3
477,5
478,1
478,2
478,4
478,5
479,0
479,2
479,3
480,0
480,1
480,3
480,4
481,0
481,2
481,3
481,5
481,6
482,0
482,2
482,3
482,5
483,0
483,2
483,3
483,5
484,1
484,2
485,0
485,1
485,3
485,5
486,0
486,2
486,3
487,0
487,1
487,3
487,5
488,0
488,2
488,3
488,5
489,1
489,2
489,4
489,5
490,1
490,3
490,4
491,0
491,1
491,3
491,4
492,0
492,2
492,3
493,0
493,1
493,3
493,5
494,0
494,2
494,3
494,5
495,0
495,2
495,4
495,5
496,1
496,2
496,4
497,1
497,2
498,0
498,1
498,3
498,4
498,6
499,0
499,1
499,3
499,4
500,1
500,3
500,4
501,1
501,2
501,4
502,0
502,2
502,4
503,0
503,2
503,3
503,5
504,1
504,2
504,4
505,0
505,2
505,4
506,0
506,2
506,3
507,0
507,1
507,3
508,0
508,1
508,3
508,4
509,1
509,3
509,4
510,1
510,2
510,4
510,5
510,7
510,9
510,10
510,11
510,8
510,6
510,3
510,0
509,2
509,0
508,2
507,4
507,2
506,4
506,1
505,3
505,1
504,3
504,0
503,4
503,1
502,3
502,1
501,3
501,0
500,2
500,0
499,2
498,7
498,5
498,2
497,3
497,0
496,3
496,0
495,3
495,1
494,4
494,1
493,4
493,2
492,4
492,1
491,5
491,2
490,5
490,2
490,0
489,3
489,0
488,4
488,1
487,4
487,2
486,4
486,1
485,4
485,2
484,3
484,0
483,4
483,1
482,4
482,1
481,7
481,4
481,1
480,5
480,2
479,4
479,1
478,6
478,3
478,0
477,4
477,1
476,4
476,2
475,5
475,2
474,4
474,2
473,6
473,3
473,1
472,5
472,2
471,6
471,4
471,1
470,3
470,1
469,2
468,7
468,4
468,2
467,4
467,1
466,6
466,3
466,0
465,4
465,2
464,3
464,0
463,2
462,7
462,4
462,2
461,3
461,0
460,3
460,1
459,3
459,0
458,4
458,1
457,4
457,1
456,6
456,3
456,0
455,4
455,1
454,3
454,0
453,5
453,2
452,6
452,4
452,1
451,10
451,8
451,5
451,2
450,4
450,2
449,6
449,3
449,1
448,2
447,3
447,0
446,2
445,3
445,0
444,2
443,3
443,0
442,1
441,3
441,0
440,1
439,3
439,0
438,1
437,9
437,6
437,3
437,0
435,4
435,1
434,3
434,1
433,4
433,1
432,3
432,1
431,6
431,3
431,1
430,3
430,0
429,2
429,0
428,2
427,6
427,4
427,1
426,3
426,0
425,3
425,0
424,1
423,7
423,4
423,1
422,4
422,1
421,3
421,0
420,4
420,1
419,5
419,3
419,0
418,2
417,8
417,6
417,3
417,0
416,5
416,2
415,5
415,2
415,0
414,4
414,1
413,5
413,2
412,6
412,4
412,1
411,4
411,1
410,4
410,1
409,4
409,2
408,6
408,3
408,0
407,3
407,0
406,2
406,0
405,3
405,0
404,2
404,0
403,4
403,1
402,6
402,3
402,0
401,4
401,2
400,4
400,1
399,4
399,1
398,7
398,5
398,2
397,5
397,2
397,0
396,4
396,1
395,5
395,2
394,6
394,3
394,1
393,5
393,2
393,0
392,2
391,3
391,0
390,4
390,1
389,3
389,1
388,3
388,0
387,4
387,1
386,4
386,1
385,4
385,1
384,3
384,1
383,4
383,1
382,5
382,3
382,0
381,1
380,4
380,1
379,3
379,0
378,5
378,2
377,4
377,2
376,5
376,2
375,5
375,3
375,0
374,4
374,2
373,5
373,2
373,0
372,4
372,1
371,4
371,2
370,6
370,3
370,1
369,4
369,1
368,3
368,1
367,3
367,0
366,3
366,0
365,3
365,0
364,3
364,0
363,2
363,0
362,3
362,0
361,7
361,4
361,1
360,5
360,3
360,0
359,2
359,0
358,3
358,0
357,4
357,2
356,5
356,2
356,0
355,2
354,4
354,1
353,5
353,2
352,5
352,3
352,0
351,3
351,1
350,3
350,0
349,5
349,3
349,0
348,2
348,0
347,4
347,1
346,3
346,1
345,3
345,0
344,5
344,2
343,6
343,3
343,1
342,4
342,1
341,5
341,2
340,7
340,4
340,2
339,5
339,2
339,0
338,2
337,4
337,2
336,4
336,1
335,3
335,1
334,4
334,1
333,8
333,5
333,2
332,4
332,2
331,3
331,0
330,4
330,1
329,3
329,0
328,3
328,0
327,4
327,2
326,4
326,1
325,6
325,3
325,0
324,5
324,3
324,0
323,2
323,0
322,5
322,2
321,6
321,4
321,1
320,5
320,3
320,0
319,4
319,1
318,9
318,6
318,3
318,1
317,6
317,3
317,0
316,3
316,0
315,2
315,0
314,3
314,0
313,5
313,2
312,6
312,3
312,1
311,4
311,1
310,6
310,3
310,0
309,3
309,1
308,3
308,0
307,3
307,0
306,3
306,0
305,4
305,1
304,4
304,2
303,4
303,1
302,6
302,3
302,0
301,2
301,0
300,2
299,8
299,6
299,3
299,0
298,5
298,3
298,0
297,5
297,3
297,0
296,2
295,4
295,2
294,4
294,1
293,7
293,4
293,1
292,7
292,5
292,2
291,3
291,1
290,5
290,2
290,0
289,4
289,1
288,4
288,2
287,7
287,4
287,2
286,7
286,4
286,1
285,8
285,5
285,2
285,0
284,3
284,0
283,2
283,0
282,2
281,4
281,2
280,4
280,1
279,5
279,2
278,4
278,1
277,5
277,2
276,4
276,2
275,4
275,1
274,3
274,1
273,3
273,0
272,3
272,0
271,2
270,4
270,2
269,4
269,1
268,4
268,1
267,3
267,1
266,3
266,0
265,2
265,0
264,2
263,6
263,4
263,1
262,3
262,0
261,3
261,0
260,2
260,0
259,3
259,0
258,1
257,4
257,1
256,2
256,0
255,1
254,5
254,2
254,0
253,1
252,3
252,1
251,3
251,0
250,2
249,6
249,3
249,0
248,4
248,1
247,3
247,1
246,3
246,0
245,3
245,1
244,4
244,1
243,4
243,1
242,3
242,0
241,3
241,0
240,1
239,7
239,4
239,1
238,6
238,3
238,0
237,5
237,3
237,0
236,4
236,2
235,6
235,3
235,0
234,5
234,2
233,4
233,2
232,7
232,4
232,1
231,4
231,1
230,3
230,1
229,7
229,4
229,1
228,4
228,1
227,4
227,2
226,5
226,2
226,0
225,3
225,0
224,2
224,0
223,7
223,4
223,2
222,5
222,2
221,5
221,3
221,0
220,4
220,2
219,5
219,2
218,6
218,4
218,1
217,4
217,2
216,6
216,3
216,1
215,4
215,1
214,5
214,3
214,0
213,3
213,1
212,4
212,1
211,5
211,3
211,0
210,3
210,1
209,4
209,1
208,5
208,3
208,0
207,4
207,2
206,5
206,2
0,337
0,334
0,461
0,460
0,367
0,415
0,352
0,408
0,376
0,469
